name: simoa_analysis
channels:
  - conda-forge
  - defaults
dependencies:
  - bzip2=1.0.8=hcfcfb64_5
  - ca-certificates=2024.6.2=h56e8100_0
  - intel-openmp=2024.1.0=h57928b3_966
  - jinja2=3.1.4=pyhd8ed1ab_0
  - libblas=3.9.0=22_win64_mkl
  - libcblas=3.9.0=22_win64_mkl
  - libffi=3.4.2=h8ffe710_5
  - libhwloc=2.10.0=default_h8125262_1001
  - libiconv=1.17=hcfcfb64_2
  - liblapack=3.9.0=22_win64_mkl
  - libsqlite=3.46.0=h2466b09_0
  - libxml2=2.12.7=h283a6d9_1
  - libzlib=1.3.1=h2466b09_1
  - markupsafe=2.1.5=py39ha55989b_0
  - mkl=2024.1.0=h66d3029_692
  - numpy=1.26.4=py39hddb5d58_0
  - openssl=3.3.1=h2466b09_0
  - pandas=2.2.2=py39h2366fc2_1
  - pip=24.0=pyhd8ed1ab_0
  - pthreads-win32=2.9.1=hfa6e2cd_3
  - python=3.9.19=h4de0772_0_cpython
  - python-dateutil=2.9.0=pyhd8ed1ab_0
  - python-tzdata=2024.1=pyhd8ed1ab_0
  - python_abi=3.9=4_cp39
  - pytz=2024.1=pyhd8ed1ab_0
  - setuptools=70.0.0=pyhd8ed1ab_0
  - six=1.16.0=pyh6c4a22f_0
  - tbb=2021.12.0=hc790b64_1
  - tk=8.6.13=h5226925_1
  - tzdata=2024a=h0c530f3_0
  - ucrt=10.0.22621.0=h57928b3_0
  - vc=14.3=h8a93ad2_20
  - vc14_runtime=14.40.33810=ha82c5b3_20
  - vs2015_runtime=14.40.33810=h3bf8584_20
  - wheel=0.43.0=pyhd8ed1ab_1
  - xlsxwriter=3.1.9=pyhd8ed1ab_0
  - xz=5.2.6=h8d14728_0
prefix: D:\Anaconda3\envs\simoa_analysis
